0.00000 0.00000 0.00000 0.00000 1.68271 0.00000 0.00000 0.00000 2.71051 3.14511 0.00000 0.00000 0.00000 0.00000 0.00000 0.00000 0.00000 0.00000 0.00000 0.00000 
3.46451 0.00000 1.58724 0.00000 0.00000 0.00000 0.00000 0.00000 0.00000 0.00000 0.00000 0.00000 0.00000 0.00000 0.00000 0.00000 0.00000 2.54266 1.80471 0.09555 
0.00000 0.00000 0.00000 2.89035 0.00000 0.00000 0.00000 0.00000 0.00000 0.00000 0.00000 0.00000 0.00000 0.00000 0.00000 0.00000 0.00000 0.00000 0.00000 0.00000 
0.00000 0.00000 0.00000 0.00000 0.00000 0.00000 0.00000 0.00000 0.00000 0.00000 0.00000 0.00000 0.00000 0.00000 0.00000 0.00000 0.00000 0.00000 0.00000 0.00000 
0.00000 0.00000 0.00000 0.00000 0.00000 0.00000 0.00000 0.00000 2.64497 0.00000 4.71005 0.00000 3.83015 3.95140 2.49324 0.00000 0.00000 0.00000 3.97014 0.00000 
0.00000 0.00000 0.00000 0.00000 0.00000 0.00000 0.00000 0.00000 0.00000 0.00000 1.11498 0.00000 0.00000 4.93369 0.00000 0.00000 0.00000 0.00000 0.00000 0.00000 
0.00000 0.00000 0.00000 0.00000 0.00000 0.00000 0.00000 0.00000 0.00000 0.00000 0.00000 0.00000 0.00000 0.00000 0.00000 0.00000 0.00000 0.00000 0.00000 0.00000 
0.00000 0.00000 0.00000 0.00000 2.98901 0.00000 0.00000 0.00000 0.00000 0.00000 0.00000 0.00000 0.00000 0.00000 0.00000 0.00000 2.96985 0.00000 0.00000 0.00000 
0.00000 0.00000 0.00000 0.00000 0.00000 0.00000 0.00000 0.00000 0.00000 0.00000 0.00000 0.00000 0.00000 0.00000 0.00000 0.00000 0.00000 4.62162 0.00000 0.00000 
0.00000 0.00000 0.00000 0.00000 0.96867 0.00000 0.00000 3.00164 0.00000 0.00000 0.00000 0.00000 0.00000 0.00000 0.00000 0.00000 0.00000 0.00000 0.00000 0.00000 
0.00000 0.00000 0.00000 0.00000 0.00000 0.00000 0.00000 0.00000 0.00000 0.00000 0.00000 4.35565 0.00000 0.00000 0.00000 0.00000 0.00000 0.00000 3.85800 0.00000 
0.00000 0.00000 0.00000 4.90548 0.00000 0.00000 0.00000 0.00000 0.00000 0.00000 4.07682 0.00000 1.27075 0.00000 0.00000 1.84656 0.00000 0.00000 0.00000 0.00000 
0.00000 0.00000 0.00000 0.00000 0.00000 0.00000 0.00000 0.00000 0.00000 4.84267 0.00000 0.00000 2.94561 0.00000 0.00000 0.00000 0.00000 0.00000 0.00000 0.00000 
0.00000 0.00000 0.00000 0.00000 0.00000 0.00000 0.00000 0.00000 0.00000 0.00000 0.00000 0.00000 0.00000 0.00000 0.00000 0.00000 1.95976 0.00000 0.00000 0.00000 
0.00000 2.58659 0.00000 0.00000 0.00000 0.00000 4.94218 0.00000 0.00000 0.00000 0.00000 0.35562 0.00000 0.00000 4.41460 0.00000 0.00000 0.00000 0.00000 0.00000 
0.00000 0.00000 0.00000 0.00000 0.00000 1.46087 0.00000 1.17918 0.00000 0.00000 0.00000 1.36486 0.00000 4.36864 0.00000 0.00000 0.00000 0.00000 0.00000 0.00000 
0.00000 0.00000 0.00000 0.00000 0.00000 0.00000 2.07431 0.00000 0.00000 0.00000 0.00000 0.00000 0.00000 0.00000 0.00000 0.00000 0.00000 2.76531 0.00000 0.00000 
0.00000 0.00000 0.00000 0.04110 0.00000 0.00000 0.00000 0.00000 0.00000 0.00000 0.00000 0.00000 0.00000 0.00000 0.00000 0.00000 0.00000 0.00000 0.00000 0.00000 
0.00000 0.00000 0.00000 0.00000 0.00000 0.00000 0.00000 0.00000 0.00000 0.00000 0.00000 0.00000 0.00000 0.00000 0.00000 0.00000 3.90363 2.06480 0.00000 0.00000 
0.00000 0.00000 0.00000 0.00000 0.00000 4.19923 0.00000 0.00000 0.00000 0.00000 0.00000 0.00000 0.00000 0.00000 4.34893 0.56885 0.00000 0.00000 0.00000 0.00000 
